image_width: 640
image_height: 480
camera_name: rgb_Astra_Orbbec
camera_matrix:
  rows: 3
  cols: 3
  data: [606.811009, 0.000000, 325.199941, 0.000000, 611.104701, 227.591593, 0.000000, 0.000000, 1.000000]
distortion_model: plumb_bob
distortion_coefficients:
  rows: 1
  cols: 5
  data: [0.142541, -0.248887, -0.005254, -0.005417, 0.000000]
rectification_matrix:
  rows: 3
  cols: 3
  data: [1.000000, 0.000000, 0.000000, 0.000000, 1.000000, 0.000000, 0.000000, 0.000000, 1.000000]
projection_matrix:
  rows: 3
  cols: 4
  data: [619.607422, 0.000000, 321.870740, 0.000000, 0.000000, 624.327148, 225.183125, 0.000000, 0.000000, 0.000000, 1.000000, 0.000000]